0 5 0 0
5 15 1 1
15 25 2 2
25 50 4 4
50 75 6 6
75 100 9 9
100 125 11 11
125 150 14 14
150 175 16 16
175 200 19 19
200 225 21 21
225 250 24 24
250 275 26 26
275 300 29 29
300 325 31 31
325 350 34 34
350 375 36 36
375 400 39 39
400 425 41 41
425 450 44 44
450 475 46 46
475 500 49 49
500 525 51 51
525 550 54 54
550 575 56 56
575 600 59 59
600 625 61 61
625 650 64 64
650 675 66 66
675 700 69 69
700 725 71 71
725 750 74 74
750 775 76 76
775 800 79 79
800 825 81 81
825 850 84 84
850 875 86 86
875 900 89 89
900 925 91 91
925 950 94 94
950 975 96 96
975 1000 99 99
1000 1025 101 101
1025 1050 104 104
1050 1075 106 106
1075 1100 109 109
1100 1125 111 111
1125 1150 114 114
1150 1175 116 116
1175 1200 119 119
1200 1225 121 121
1225 1250 124 124
1250 1275 126 126
1275 1300 129 129
1300 1325 131 131
1325 1350 134 134
1350 1375 136 136
1375 1400 139 139
1400 1425 141 141
1425 1450 144 144
1450 1475 146 146
1475 1500 149 149
1500 1525 151 151
1525 1550 154 154
1550 1575 156 156
1575 1600 159 159
1600 1625 161 161
1625 1650 164 164
1650 1675 166 166
1675 1700 169 169
1700 1725 171 171
1725 1750 174 174
1750 1775 176 176
1775 1800 179 179
1800 1825 181 181
1825 1850 184 184
1850 1875 186 186
1875 1900 189 189
1900 1925 191 191
1925 1950 194 194
1950 1975 196 196
1975 2000 199 199
2000 2025 201 201
2025 2050 204 204
2050 2075 206 206
2075 2100 209 209
2100 2125 211 211
2125 2150 214 214
2150 2175 216 216
2175 2200 219 219
2200 2225 221 221
2225 2250 224 224
2250 2275 226 226
2275 2300 229 229
2300 2325 231 231
2325 2350 234 234
2350 2375 236 236
2375 2400 239 239
2400 2425 241 241
2425 2450 244 244
2450 2475 246 246
2475 2500 249 249
2500 2525 251 251
2525 2550 254 254
2550 2575 256 256
2575 2600 259 259
2600 2625 261 261
2625 2650 264 264
2650 2675 266 266
2675 2700 269 269
2700 2725 271 271
2725 2750 274 274
2750 2775 276 276
2775 2800 279 279
2800 2825 281 281
2825 2850 284 284
2850 2875 286 286
2875 2900 289 289
2900 2925 291 291
2925 2950 294 294
2950 2975 296 296
2975 3000 299 299
3000 3050 303 303
3050 3100 308 308
3100 3150 313 313
3150 3200 318 318
3200 3250 323 323
3250 3300 328 328
3300 3350 333 333
3350 3400 338 338
3400 3450 343 343
3450 3500 348 348
3500 3550 353 353
3550 3600 358 358
3600 3650 363 363
3650 3700 368 368
3700 3750 373 373
3750 3800 378 378
3800 3850 383 383
3850 3900 388 388
3900 3950 393 393
3950 4000 398 398
4000 4050 403 403
4050 4100 408 408
4100 4150 413 413
4150 4200 418 418
4200 4250 423 423
4250 4300 428 428
4300 4350 433 433
4350 4400 438 438
4400 4450 443 443
4450 4500 448 448
4500 4550 453 453
4550 4600 458 458
4600 4650 463 463
4650 4700 468 468
4700 4750 473 473
4750 4800 478 478
4800 4850 483 483
4850 4900 488 488
4900 4950 493 493
4950 5000 498 498
5000 5050 503 503
5050 5100 508 508
5100 5150 513 513
5150 5200 518 518
5200 5250 523 523
5250 5300 528 528
5300 5350 533 533
5350 5400 538 538
5400 5450 543 543
5450 5500 548 548
5500 5550 553 553
5550 5600 558 558
5600 5650 563 563
5650 5700 568 568
5700 5750 573 573
5750 5800 578 578
5800 5850 583 583
5850 5900 588 588
5900 5950 593 593
5950 6000 598 598
6000 6050 603 603
6050 6100 608 608
6100 6150 613 613
6150 6200 618 618
6200 6250 623 623
6250 6300 628 628
6300 6350 633 633
6350 6400 638 638
6400 6450 643 643
6450 6500 648 648
6500 6550 653 653
6550 6600 658 658
6600 6650 663 663
6650 6700 668 668
6700 6750 673 673
6750 6800 678 678
6800 6850 683 683
6850 6900 688 688
6900 6950 693 693
6950 7000 698 698
7000 7050 703 703
7050 7100 708 708
7100 7150 713 713
7150 7200 718 718
7200 7250 723 723
7250 7300 728 728
7300 7350 733 733
7350 7400 738 738
7400 7450 743 743
7450 7500 748 748
7500 7550 753 753
7550 7600 758 758
7600 7650 763 763
7650 7700 768 768
7700 7750 773 773
7750 7800 778 778
7800 7850 783 783
7850 7900 788 788
7900 7950 793 793
7950 8000 798 798
8000 8050 803 803
8050 8100 808 808
8100 8150 813 813
8150 8200 818 818
8200 8250 823 823
8250 8300 828 828
8300 8350 833 833
8350 8400 838 838
8400 8450 843 843
8450 8500 848 848
8500 8550 853 853
8550 8600 858 858
8600 8650 863 863
8650 8700 868 868
8700 8750 873 873
8750 8800 878 878
8800 8850 883 883
8850 8900 888 888
8900 8950 893 893
8950 9000 898 898
9000 9050 903 903
9050 9100 908 908
9100 9150 915 915
9150 9200 923 923
9200 9250 930 930
9250 9300 938 938
9300 9350 945 945
9350 9400 953 953
9400 9450 960 960
9450 9500 968 968
9500 9550 975 975
9550 9600 983 983
9600 9650 990 990
9650 9700 998 998
9700 9750 1005 1005
9750 9800 1013 1013
9800 9850 1020 1020
9850 9900 1028 1028
9900 9950 1035 1035
9950 10000 1043 1043
10000 10050 1050 1050
10050 10100 1058 1058
10100 10150 1065 1065
10150 10200 1073 1073
10200 10250 1080 1080
10250 10300 1088 1088
10300 10350 1095 1095
10350 10400 1103 1103
10400 10450 1110 1110
10450 10500 1118 1118
10500 10550 1125 1125
10550 10600 1133 1133
10600 10650 1140 1140
10650 10700 1148 1148
10700 10750 1155 1155
10750 10800 1163 1163
10800 10850 1170 1170
10850 10900 1178 1178
10900 10950 1185 1185
10950 11000 1193 1193
11000 11050 1200 1200
11050 11100 1208 1208
11100 11150 1215 1215
11150 11200 1223 1223
11200 11250 1230 1230
11250 11300 1238 1238
11300 11350 1245 1245
11350 11400 1253 1253
11400 11450 1260 1260
11450 11500 1268 1268
11500 11550 1275 1275
11550 11600 1283 1283
11600 11650 1290 1290
11650 11700 1298 1298
11700 11750 1305 1305
11750 11800 1313 1313
11800 11850 1320 1320
11850 11900 1328 1328
11900 11950 1335 1335
11950 12000 1343 1343
12000 12050 1350 1350
12050 12100 1358 1358
12100 12150 1365 1365
12150 12200 1373 1373
12200 12250 1380 1380
12250 12300 1388 1388
12300 12350 1395 1395
12350 12400 1403 1403
12400 12450 1410 1410
12450 12500 1418 1418
12500 12550 1425 1425
12550 12600 1433 1433
12600 12650 1440 1440
12650 12700 1448 1448
12700 12750 1455 1455
12750 12800 1463 1463
12800 12850 1470 1470
12850 12900 1478 1478
12900 12950 1485 1485
12950 13000 1493 1493
13000 13050 1500 1500
13050 13100 1508 1508
13100 13150 1515 1515
13150 13200 1523 1523
13200 13250 1530 1530
13250 13300 1538 1538
13300 13350 1545 1545
13350 13400 1553 1553
13400 13450 1560 1560
13450 13500 1568 1568
13500 13550 1575 1575
13550 13600 1583 1583
13600 13650 1590 1590
13650 13700 1598 1598
13700 13750 1605 1605
13750 13800 1613 1613
13800 13850 1620 1620
13850 13900 1628 1628
13900 13950 1635 1635
13950 14000 1643 1643
14000 14050 1650 1650
14050 14100 1658 1658
14100 14150 1665 1665
14150 14200 1673 1673
14200 14250 1680 1680
14250 14300 1688 1688
14300 14350 1695 1695
14350 14400 1703 1703
14400 14450 1710 1710
14450 14500 1718 1718
14500 14550 1725 1725
14550 14600 1733 1733
14600 14650 1740 1740
14650 14700 1748 1748
14700 14750 1755 1755
14750 14800 1763 1763
14800 14850 1770 1770
14850 14900 1778 1778
14900 14950 1785 1785
14950 15000 1793 1793
15000 15050 1800 1800
15050 15100 1808 1808
15100 15150 1815 1815
15150 15200 1823 1823
15200 15250 1830 1830
15250 15300 1838 1838
15300 15350 1845 1845
15350 15400 1853 1853
15400 15450 1860 1860
15450 15500 1868 1868
15500 15550 1875 1875
15550 15600 1883 1883
15600 15650 1890 1890
15650 15700 1898 1898
15700 15750 1905 1905
15750 15800 1913 1913
15800 15850 1920 1920
15850 15900 1928 1928
15900 15950 1935 1935
15950 16000 1943 1943
16000 16050 1950 1950
16050 16100 1958 1958
16100 16150 1965 1965
16150 16200 1973 1973
16200 16250 1980 1980
16250 16300 1988 1988
16300 16350 1995 1995
16350 16400 2003 2003
16400 16450 2010 2010
16450 16500 2018 2018
16500 16550 2025 2025
16550 16600 2033 2033
16600 16650 2040 2040
16650 16700 2048 2048
16700 16750 2055 2055
16750 16800 2063 2063
16800 16850 2070 2070
16850 16900 2078 2078
16900 16950 2085 2085
16950 17000 2093 2093
17000 17050 2100 2100
17050 17100 2108 2108
17100 17150 2115 2115
17150 17200 2123 2123
17200 17250 2130 2130
17250 17300 2138 2138
17300 17350 2145 2145
17350 17400 2153 2153
17400 17450 2160 2160
17450 17500 2168 2168
17500 17550 2175 2175
17550 17600 2183 2183
17600 17650 2190 2190
17650 17700 2198 2198
17700 17750 2205 2205
17750 17800 2213 2213
17800 17850 2220 2220
17850 17900 2228 2228
17900 17950 2235 2235
17950 18000 2243 2243
18000 18050 2250 2250
18050 18100 2258 2258
18100 18150 2265 2265
18150 18200 2273 2273
18200 18250 2280 2280
18250 18300 2288 2288
18300 18350 2295 2295
18350 18400 2303 2303
18400 18450 2310 2310
18450 18500 2318 2318
18500 18550 2325 2325
18550 18600 2333 2333
18600 18650 2340 2340
18650 18700 2348 2348
18700 18750 2355 2355
18750 18800 2363 2363
18800 18850 2370 2370
18850 18900 2378 2378
18900 18950 2385 2385
18950 19000 2393 2393
19000 19050 2400 2400
19050 19100 2408 2408
19100 19150 2415 2415
19150 19200 2423 2423
19200 19250 2430 2430
19250 19300 2438 2438
19300 19350 2445 2445
19350 19400 2453 2453
19400 19450 2460 2460
19450 19500 2468 2468
19500 19550 2475 2475
19550 19600 2483 2483
19600 19650 2490 2490
19650 19700 2498 2498
19700 19750 2505 2505
19750 19800 2513 2513
19800 19850 2520 2520
19850 19900 2528 2528
19900 19950 2535 2535
19950 20000 2543 2543
20000 20050 2550 2550
20050 20100 2558 2558
20100 20150 2565 2565
20150 20200 2573 2573
20200 20250 2580 2580
20250 20300 2588 2588
20300 20350 2595 2595
20350 20400 2603 2603
20400 20450 2610 2610
20450 20500 2618 2618
20500 20550 2625 2625
20550 20600 2633 2633
20600 20650 2640 2640
20650 20700 2648 2648
20700 20750 2655 2655
20750 20800 2663 2663
20800 20850 2670 2670
20850 20900 2678 2678
20900 20950 2685 2685
20950 21000 2693 2693
21000 21050 2700 2700
21050 21100 2708 2708
21100 21150 2715 2715
21150 21200 2723 2723
21200 21250 2730 2730
21250 21300 2738 2738
21300 21350 2745 2745
21350 21400 2753 2753
21400 21450 2760 2760
21450 21500 2768 2768
21500 21550 2775 2775
21550 21600 2783 2783
21600 21650 2790 2790
21650 21700 2798 2798
21700 21750 2805 2805
21750 21800 2813 2813
21800 21850 2820 2820
21850 21900 2828 2828
21900 21950 2835 2835
21950 22000 2843 2843
22000 22050 2850 2850
22050 22100 2858 2858
22100 22150 2865 2865
22150 22200 2873 2873
22200 22250 2880 2880
22250 22300 2888 2888
22300 22350 2895 2895
22350 22400 2903 2903
22400 22450 2910 2910
22450 22500 2918 2918
22500 22550 2925 2925
22550 22600 2933 2933
22600 22650 2940 2940
22650 22700 2948 2948
22700 22750 2955 2955
22750 22800 2963 2963
22800 22850 2970 2970
22850 22900 2978 2978
22900 22950 2985 2985
22950 23000 2993 2993
23000 23050 3000 3000
23050 23100 3008 3008
23100 23150 3015 3015
23150 23200 3023 3023
23200 23250 3030 3030
23250 23300 3038 3038
23300 23350 3045 3045
23350 23400 3053 3053
23400 23450 3060 3060
23450 23500 3068 3068
23500 23550 3075 3075
23550 23600 3083 3083
23600 23650 3090 3090
23650 23700 3098 3098
23700 23750 3105 3105
23750 23800 3113 3113
23800 23850 3120 3120
23850 23900 3128 3128
23900 23950 3135 3135
23950 24000 3143 3143
24000 24050 3150 3150
24050 24100 3158 3158
24100 24150 3165 3165
24150 24200 3173 3173
24200 24250 3180 3180
24250 24300 3188 3188
24300 24350 3195 3195
24350 24400 3203 3203
24400 24450 3210 3210
24450 24500 3218 3218
24500 24550 3225 3225
24550 24600 3233 3233
24600 24650 3240 3240
24650 24700 3248 3248
24700 24750 3255 3255
24750 24800 3263 3263
24800 24850 3270 3270
24850 24900 3278 3278
24900 24950 3285 3285
24950 25000 3293 3293
25000 25050 3300 3300
25050 25100 3308 3308
25100 25150 3315 3315
25150 25200 3323 3323
25200 25250 3330 3330
25250 25300 3338 3338
25300 25350 3345 3345
25350 25400 3353 3353
25400 25450 3360 3360
25450 25500 3368 3368
25500 25550 3375 3375
25550 25600 3383 3383
25600 25650 3390 3390
25650 25700 3398 3398
25700 25750 3405 3405
25750 25800 3413 3413
25800 25850 3420 3420
25850 25900 3428 3428
25900 25950 3435 3435
25950 26000 3443 3443
26000 26050 3450 3450
26050 26100 3458 3458
26100 26150 3465 3465
26150 26200 3473 3473
26200 26250 3480 3480
26250 26300 3488 3488
26300 26350 3495 3495
26350 26400 3503 3503
26400 26450 3510 3510
26450 26500 3518 3518
26500 26550 3525 3525
26550 26600 3533 3533
26600 26650 3540 3540
26650 26700 3548 3548
26700 26750 3555 3555
26750 26800 3563 3563
26800 26850 3570 3570
26850 26900 3578 3578
26900 26950 3585 3585
26950 27000 3593 3593
27000 27050 3600 3600
27050 27100 3608 3608
27100 27150 3615 3615
27150 27200 3623 3623
27200 27250 3630 3630
27250 27300 3638 3638
27300 27350 3645 3645
27350 27400 3653 3653
27400 27450 3660 3660
27450 27500 3668 3668
27500 27550 3675 3675
27550 27600 3683 3683
27600 27650 3690 3690
27650 27700 3698 3698
27700 27750 3705 3705
27750 27800 3713 3713
27800 27850 3720 3720
27850 27900 3728 3728
27900 27950 3735 3735
27950 28000 3743 3743
28000 28050 3750 3750
28050 28100 3758 3758
28100 28150 3765 3765
28150 28200 3773 3773
28200 28250 3780 3780
28250 28300 3788 3788
28300 28350 3795 3795
28350 28400 3803 3803
28400 28450 3810 3810
28450 28500 3818 3818
28500 28550 3825 3825
28550 28600 3833 3833
28600 28650 3840 3840
28650 28700 3848 3848
28700 28750 3855 3855
28750 28800 3863 3863
28800 28850 3870 3870
28850 28900 3878 3878
28900 28950 3885 3885
28950 29000 3893 3893
29000 29050 3900 3900
29050 29100 3908 3908
29100 29150 3915 3915
29150 29200 3923 3923
29200 29250 3930 3930
29250 29300 3938 3938
29300 29350 3945 3945
29350 29400 3953 3953
29400 29450 3960 3960
29450 29500 3968 3968
29500 29550 3975 3975
29550 29600 3983 3983
29600 29650 3990 3990
29650 29700 3998 3998
29700 29750 4005 4005
29750 29800 4013 4013
29800 29850 4020 4020
29850 29900 4028 4028
29900 29950 4035 4035
29950 30000 4043 4043
30000 30050 4050 4050
30050 30100 4058 4058
30100 30150 4065 4065
30150 30200 4073 4073
30200 30250 4080 4080
30250 30300 4088 4088
30300 30350 4095 4095
30350 30400 4103 4103
30400 30450 4110 4110
30450 30500 4118 4118
30500 30550 4125 4125
30550 30600 4133 4133
30600 30650 4140 4140
30650 30700 4148 4148
30700 30750 4155 4155
30750 30800 4163 4163
30800 30850 4170 4170
30850 30900 4178 4178
30900 30950 4185 4185
30950 31000 4193 4193
31000 31050 4200 4200
31050 31100 4208 4208
31100 31150 4215 4215
31150 31200 4223 4223
31200 31250 4230 4230
31250 31300 4238 4238
31300 31350 4245 4245
31350 31400 4253 4253
31400 31450 4260 4260
31450 31500 4268 4268
31500 31550 4275 4275
31550 31600 4283 4283
31600 31650 4290 4290
31650 31700 4298 4298
31700 31750 4305 4305
31750 31800 4313 4313
31800 31850 4320 4320
31850 31900 4328 4328
31900 31950 4335 4335
31950 32000 4343 4343
32000 32050 4350 4350
32050 32100 4358 4358
32100 32150 4365 4365
32150 32200 4373 4373
32200 32250 4380 4380
32250 32300 4388 4388
32300 32350 4395 4395
32350 32400 4403 4403
32400 32450 4410 4410
32450 32500 4418 4418
32500 32550 4425 4425
32550 32600 4433 4433
32600 32650 4440 4440
32650 32700 4448 4448
32700 32750 4455 4455
32750 32800 4463 4463
32800 32850 4470 4470
32850 32900 4478 4478
32900 32950 4485 4485
32950 33000 4493 4493
33000 33050 4500 4500
33050 33100 4508 4508
33100 33150 4515 4515
33150 33200 4523 4523
33200 33250 4530 4530
33250 33300 4538 4538
33300 33350 4545 4545
33350 33400 4553 4553
33400 33450 4560 4560
33450 33500 4568 4568
33500 33550 4575 4575
33550 33600 4583 4583
33600 33650 4590 4590
33650 33700 4598 4598
33700 33750 4605 4605
33750 33800 4613 4613
33800 33850 4620 4620
33850 33900 4628 4628
33900 33950 4635 4635
33950 34000 4643 4643
34000 34050 4650 4650
34050 34100 4658 4658
34100 34150 4665 4665
34150 34200 4673 4673
34200 34250 4680 4680
34250 34300 4688 4688
34300 34350 4695 4695
34350 34400 4703 4703
34400 34450 4710 4710
34450 34500 4718 4718
34500 34550 4725 4725
34550 34600 4733 4733
34600 34650 4740 4740
34650 34700 4748 4748
34700 34750 4755 4755
34750 34800 4763 4763
34800 34850 4770 4770
34850 34900 4778 4778
34900 34950 4785 4785
34950 35000 4793 4793
35000 35050 4800 4800
35050 35100 4808 4808
35100 35150 4815 4815
35150 35200 4823 4823
35200 35250 4830 4830
35250 35300 4838 4838
35300 35350 4845 4845
35350 35400 4853 4853
35400 35450 4860 4860
35450 35500 4868 4868
35500 35550 4875 4875
35550 35600 4883 4883
35600 35650 4890 4890
35650 35700 4898 4898
35700 35750 4905 4905
35750 35800 4913 4913
35800 35850 4920 4920
35850 35900 4928 4928
35900 35950 4935 4935
35950 36000 4943 4943
36000 36050 4950 4950
36050 36100 4958 4958
36100 36150 4965 4965
36150 36200 4973 4973
36200 36250 4980 4980
36250 36300 4988 4988
36300 36350 4995 4995
36350 36400 5003 5003
36400 36450 5010 5010
36450 36500 5018 5018
36500 36550 5025 5025
36550 36600 5033 5033
36600 36650 5040 5040
36650 36700 5048 5048
36700 36750 5055 5055
36750 36800 5063 5063
36800 36850 5070 5070
36850 36900 5078 5078
36900 36950 5088 5088
36950 37000 5100 5100
37000 37050 5113 5113
37050 37100 5125 5125
37100 37150 5138 5138
37150 37200 5150 5150
37200 37250 5163 5163
37250 37300 5175 5175
37300 37350 5188 5188
37350 37400 5200 5200
37400 37450 5213 5213
37450 37500 5225 5225
37500 37550 5238 5238
37550 37600 5250 5250
37600 37650 5263 5263
37650 37700 5275 5275
37700 37750 5288 5288
37750 37800 5300 5300
37800 37850 5313 5313
37850 37900 5325 5325
37900 37950 5338 5338
37950 38000 5350 5350
38000 38050 5363 5363
38050 38100 5375 5375
38100 38150 5388 5388
38150 38200 5400 5400
38200 38250 5413 5413
38250 38300 5425 5425
38300 38350 5438 5438
38350 38400 5450 5450
38400 38450 5463 5463
38450 38500 5475 5475
38500 38550 5488 5488
38550 38600 5500 5500
38600 38650 5513 5513
38650 38700 5525 5525
38700 38750 5538 5538
38750 38800 5550 5550
38800 38850 5563 5563
38850 38900 5575 5575
38900 38950 5588 5588
38950 39000 5600 5600
39000 39050 5613 5613
39050 39100 5625 5625
39100 39150 5638 5638
39150 39200 5650 5650
39200 39250 5663 5663
39250 39300 5675 5675
39300 39350 5688 5688
39350 39400 5700 5700
39400 39450 5713 5713
39450 39500 5725 5725
39500 39550 5738 5738
39550 39600 5750 5750
39600 39650 5763 5763
39650 39700 5775 5775
39700 39750 5788 5788
39750 39800 5800 5800
39800 39850 5813 5813
39850 39900 5825 5825
39900 39950 5838 5838
39950 40000 5850 5850
40000 40050 5863 5863
40050 40100 5875 5875
40100 40150 5888 5888
40150 40200 5900 5900
40200 40250 5913 5913
40250 40300 5925 5925
40300 40350 5938 5938
40350 40400 5950 5950
40400 40450 5963 5963
40450 40500 5975 5975
40500 40550 5988 5988
40550 40600 6000 6000
40600 40650 6013 6013
40650 40700 6025 6025
40700 40750 6038 6038
40750 40800 6050 6050
40800 40850 6063 6063
40850 40900 6075 6075
40900 40950 6088 6088
40950 41000 6100 6100
41000 41050 6113 6113
41050 41100 6125 6125
41100 41150 6138 6138
41150 41200 6150 6150
41200 41250 6163 6163
41250 41300 6175 6175
41300 41350 6188 6188
41350 41400 6200 6200
41400 41450 6213 6213
41450 41500 6225 6225
41500 41550 6238 6238
41550 41600 6250 6250
41600 41650 6263 6263
41650 41700 6275 6275
41700 41750 6288 6288
41750 41800 6300 6300
41800 41850 6313 6313
41850 41900 6325 6325
41900 41950 6338 6338
41950 42000 6350 6350
42000 42050 6363 6363
42050 42100 6375 6375
42100 42150 6388 6388
42150 42200 6400 6400
42200 42250 6413 6413
42250 42300 6425 6425
42300 42350 6438 6438
42350 42400 6450 6450
42400 42450 6463 6463
42450 42500 6475 6475
42500 42550 6488 6488
42550 42600 6500 6500
42600 42650 6513 6513
42650 42700 6525 6525
42700 42750 6538 6538
42750 42800 6550 6550
42800 42850 6563 6563
42850 42900 6575 6575
42900 42950 6588 6588
42950 43000 6600 6600
43000 43050 6613 6613
43050 43100 6625 6625
43100 43150 6638 6638
43150 43200 6650 6650
43200 43250 6663 6663
43250 43300 6675 6675
43300 43350 6688 6688
43350 43400 6700 6700
43400 43450 6713 6713
43450 43500 6725 6725
43500 43550 6738 6738
43550 43600 6750 6750
43600 43650 6763 6763
43650 43700 6775 6775
43700 43750 6788 6788
43750 43800 6800 6800
43800 43850 6813 6813
43850 43900 6825 6825
43900 43950 6838 6838
43950 44000 6850 6850
44000 44050 6863 6863
44050 44100 6875 6875
44100 44150 6888 6888
44150 44200 6900 6900
44200 44250 6913 6913
44250 44300 6925 6925
44300 44350 6938 6938
44350 44400 6950 6950
44400 44450 6963 6963
44450 44500 6975 6975
44500 44550 6988 6988
44550 44600 7000 7000
44600 44650 7013 7013
44650 44700 7025 7025
44700 44750 7038 7038
44750 44800 7050 7050
44800 44850 7063 7063
44850 44900 7075 7075
44900 44950 7088 7088
44950 45000 7100 7100
45000 45050 7113 7113
45050 45100 7125 7125
45100 45150 7138 7138
45150 45200 7150 7150
45200 45250 7163 7163
45250 45300 7175 7175
45300 45350 7188 7188
45350 45400 7200 7200
45400 45450 7213 7213
45450 45500 7225 7225
45500 45550 7238 7238
45550 45600 7250 7250
45600 45650 7263 7263
45650 45700 7275 7275
45700 45750 7288 7288
45750 45800 7300 7300
45800 45850 7313 7313
45850 45900 7325 7325
45900 45950 7338 7338
45950 46000 7350 7350
46000 46050 7363 7363
46050 46100 7375 7375
46100 46150 7388 7388
46150 46200 7400 7400
46200 46250 7413 7413
46250 46300 7425 7425
46300 46350 7438 7438
46350 46400 7450 7450
46400 46450 7463 7463
46450 46500 7475 7475
46500 46550 7488 7488
46550 46600 7500 7500
46600 46650 7513 7513
46650 46700 7525 7525
46700 46750 7538 7538
46750 46800 7550 7550
46800 46850 7563 7563
46850 46900 7575 7575
46900 46950 7588 7588
46950 47000 7600 7600
47000 47050 7613 7613
47050 47100 7625 7625
47100 47150 7638 7638
47150 47200 7650 7650
47200 47250 7663 7663
47250 47300 7675 7675
47300 47350 7688 7688
47350 47400 7700 7700
47400 47450 7713 7713
47450 47500 7725 7725
47500 47550 7738 7738
47550 47600 7750 7750
47600 47650 7763 7763
47650 47700 7775 7775
47700 47750 7788 7788
47750 47800 7800 7800
47800 47850 7813 7813
47850 47900 7825 7825
47900 47950 7838 7838
47950 48000 7850 7850
48000 48050 7863 7863
48050 48100 7875 7875
48100 48150 7888 7888
48150 48200 7900 7900
48200 48250 7913 7913
48250 48300 7925 7925
48300 48350 7938 7938
48350 48400 7950 7950
48400 48450 7963 7963
48450 48500 7975 7975
48500 48550 7988 7988
48550 48600 8000 8000
48600 48650 8013 8013
48650 48700 8025 8025
48700 48750 8038 8038
48750 48800 8050 8050
48800 48850 8063 8063
48850 48900 8075 8075
48900 48950 8088 8088
48950 49000 8100 8100
49000 49050 8113 8113
49050 49100 8125 8125
49100 49150 8138 8138
49150 49200 8150 8150
49200 49250 8163 8163
49250 49300 8175 8175
49300 49350 8188 8188
49350 49400 8200 8200
49400 49450 8213 8213
49450 49500 8225 8225
49500 49550 8238 8238
49550 49600 8250 8250
49600 49650 8263 8263
49650 49700 8275 8275
49700 49750 8288 8288
49750 49800 8300 8300
49800 49850 8313 8313
49850 49900 8325 8325
49900 49950 8338 8338
49950 50000 8350 8350
50000 50050 8363 8363
50050 50100 8375 8375
50100 50150 8388 8388
50150 50200 8400 8400
50200 50250 8413 8413
50250 50300 8425 8425
50300 50350 8438 8438
50350 50400 8450 8450
50400 50450 8463 8463
50450 50500 8475 8475
50500 50550 8488 8488
50550 50600 8500 8500
50600 50650 8513 8513
50650 50700 8525 8525
50700 50750 8538 8538
50750 50800 8550 8550
50800 50850 8563 8563
50850 50900 8575 8575
50900 50950 8588 8588
50950 51000 8600 8600
51000 51050 8613 8613
51050 51100 8625 8625
51100 51150 8638 8638
51150 51200 8650 8650
51200 51250 8663 8663
51250 51300 8675 8675
51300 51350 8688 8688
51350 51400 8700 8700
51400 51450 8713 8713
51450 51500 8725 8725
51500 51550 8738 8738
51550 51600 8750 8750
51600 51650 8763 8763
51650 51700 8775 8775
51700 51750 8788 8788
51750 51800 8800 8800
51800 51850 8813 8813
51850 51900 8825 8825
51900 51950 8838 8838
51950 52000 8850 8850
52000 52050 8863 8863
52050 52100 8875 8875
52100 52150 8888 8888
52150 52200 8900 8900
52200 52250 8913 8913
52250 52300 8925 8925
52300 52350 8938 8938
52350 52400 8950 8950
52400 52450 8963 8963
52450 52500 8975 8975
52500 52550 8988 8988
52550 52600 9000 9000
52600 52650 9013 9013
52650 52700 9025 9025
52700 52750 9038 9038
52750 52800 9050 9050
52800 52850 9063 9063
52850 52900 9075 9075
52900 52950 9088 9088
52950 53000 9100 9100
53000 53050 9113 9113
53050 53100 9125 9125
53100 53150 9138 9138
53150 53200 9150 9150
53200 53250 9163 9163
53250 53300 9175 9175
53300 53350 9188 9188
53350 53400 9200 9200
53400 53450 9213 9213
53450 53500 9225 9225
53500 53550 9238 9238
53550 53600 9250 9250
53600 53650 9263 9263
53650 53700 9275 9275
53700 53750 9288 9288
53750 53800 9300 9300
53800 53850 9313 9313
53850 53900 9325 9325
53900 53950 9338 9338
53950 54000 9350 9350
54000 54050 9363 9363
54050 54100 9375 9375
54100 54150 9388 9388
54150 54200 9400 9400
54200 54250 9413 9413
54250 54300 9425 9425
54300 54350 9438 9438
54350 54400 9450 9450
54400 54450 9463 9463
54450 54500 9475 9475
54500 54550 9488 9488
54550 54600 9500 9500
54600 54650 9513 9513
54650 54700 9525 9525
54700 54750 9538 9538
54750 54800 9550 9550
54800 54850 9563 9563
54850 54900 9575 9575
54900 54950 9588 9588
54950 55000 9600 9600
55000 55050 9613 9613
55050 55100 9625 9625
55100 55150 9638 9638
55150 55200 9650 9650
55200 55250 9663 9663
55250 55300 9675 9675
55300 55350 9688 9688
55350 55400 9700 9700
55400 55450 9713 9713
55450 55500 9725 9725
55500 55550 9738 9738
55550 55600 9750 9750
55600 55650 9763 9763
55650 55700 9775 9775
55700 55750 9788 9788
55750 55800 9800 9800
55800 55850 9813 9813
55850 55900 9825 9825
55900 55950 9838 9838
55950 56000 9850 9850
56000 56050 9863 9863
56050 56100 9875 9875
56100 56150 9888 9888
56150 56200 9900 9900
56200 56250 9913 9913
56250 56300 9925 9925
56300 56350 9938 9938
56350 56400 9950 9950
56400 56450 9963 9963
56450 56500 9975 9975
56500 56550 9988 9988
56550 56600 10000 10000
56600 56650 10013 10013
56650 56700 10025 10025
56700 56750 10038 10038
56750 56800 10050 10050
56800 56850 10063 10063
56850 56900 10075 10075
56900 56950 10088 10088
56950 57000 10100 10100
57000 57050 10113 10113
57050 57100 10125 10125
57100 57150 10138 10138
57150 57200 10150 10150
57200 57250 10163 10163
57250 57300 10175 10175
57300 57350 10188 10188
57350 57400 10200 10200
57400 57450 10213 10213
57450 57500 10225 10225
57500 57550 10238 10238
57550 57600 10250 10250
57600 57650 10263 10263
57650 57700 10275 10275
57700 57750 10288 10288
57750 57800 10300 10300
57800 57850 10313 10313
57850 57900 10325 10325
57900 57950 10338 10338
57950 58000 10350 10350
58000 58050 10363 10363
58050 58100 10375 10375
58100 58150 10388 10388
58150 58200 10400 10400
58200 58250 10413 10413
58250 58300 10425 10425
58300 58350 10438 10438
58350 58400 10450 10450
58400 58450 10463 10463
58450 58500 10475 10475
58500 58550 10488 10488
58550 58600 10500 10500
58600 58650 10513 10513
58650 58700 10525 10525
58700 58750 10538 10538
58750 58800 10550 10550
58800 58850 10563 10563
58850 58900 10575 10575
58900 58950 10588 10588
58950 59000 10600 10600
59000 59050 10613 10613
59050 59100 10625 10625
59100 59150 10638 10638
59150 59200 10650 10650
59200 59250 10663 10663
59250 59300 10675 10675
59300 59350 10688 10688
59350 59400 10700 10700
59400 59450 10713 10713
59450 59500 10725 10725
59500 59550 10738 10738
59550 59600 10750 10750
59600 59650 10763 10763
59650 59700 10775 10775
59700 59750 10788 10788
59750 59800 10800 10800
59800 59850 10813 10813
59850 59900 10825 10825
59900 59950 10838 10838
59950 60000 10850 10850
60000 60050 10863 10863
60050 60100 10875 10875
60100 60150 10888 10888
60150 60200 10900 10900
60200 60250 10913 10913
60250 60300 10925 10925
60300 60350 10938 10938
60350 60400 10950 10950
60400 60450 10963 10963
60450 60500 10975 10975
60500 60550 10988 10988
60550 60600 11000 11000
60600 60650 11013 11013
60650 60700 11025 11025
60700 60750 11038 11038
60750 60800 11050 11050
60800 60850 11063 11063
60850 60900 11075 11075
60900 60950 11088 11088
60950 61000 11100 11100
61000 61050 11113 11113
61050 61100 11125 11125
61100 61150 11138 11138
61150 61200 11150 11150
61200 61250 11163 11163
61250 61300 11175 11175
61300 61350 11188 11188
61350 61400 11200 11200
61400 61450 11213 11213
61450 61500 11225 11225
61500 61550 11238 11238
61550 61600 11250 11250
61600 61650 11263 11263
61650 61700 11275 11275
61700 61750 11288 11288
61750 61800 11300 11300
61800 61850 11313 11313
61850 61900 11325 11325
61900 61950 11338 11338
61950 62000 11350 11350
62000 62050 11363 11363
62050 62100 11375 11375
62100 62150 11388 11388
62150 62200 11400 11400
62200 62250 11413 11413
62250 62300 11425 11425
62300 62350 11438 11438
62350 62400 11450 11450
62400 62450 11463 11463
62450 62500 11475 11475
62500 62550 11488 11488
62550 62600 11500 11500
62600 62650 11513 11513
62650 62700 11525 11525
62700 62750 11538 11538
62750 62800 11550 11550
62800 62850 11563 11563
62850 62900 11575 11575
62900 62950 11588 11588
62950 63000 11600 11600
63000 63050 11613 11613
63050 63100 11625 11625
63100 63150 11638 11638
63150 63200 11650 11650
63200 63250 11663 11663
63250 63300 11675 11675
63300 63350 11688 11688
63350 63400 11700 11700
63400 63450 11713 11713
63450 63500 11725 11725
63500 63550 11738 11738
63550 63600 11750 11750
63600 63650 11763 11763
63650 63700 11775 11775
63700 63750 11788 11788
63750 63800 11800 11800
63800 63850 11813 11813
63850 63900 11825 11825
63900 63950 11838 11838
63950 64000 11850 11850
64000 64050 11863 11863
64050 64100 11875 11875
64100 64150 11888 11888
64150 64200 11900 11900
64200 64250 11913 11913
64250 64300 11925 11925
64300 64350 11938 11938
64350 64400 11950 11950
64400 64450 11963 11963
64450 64500 11975 11975
64500 64550 11988 11988
64550 64600 12000 12000
64600 64650 12013 12013
64650 64700 12025 12025
64700 64750 12038 12038
64750 64800 12050 12050
64800 64850 12063 12063
64850 64900 12075 12075
64900 64950 12088 12088
64950 65000 12100 12100
65000 65050 12113 12113
65050 65100 12125 12125
65100 65150 12138 12138
65150 65200 12150 12150
65200 65250 12163 12163
65250 65300 12175 12175
65300 65350 12188 12188
65350 65400 12200 12200
65400 65450 12213 12213
65450 65500 12225 12225
65500 65550 12238 12238
65550 65600 12250 12250
65600 65650 12263 12263
65650 65700 12275 12275
65700 65750 12288 12288
65750 65800 12300 12300
65800 65850 12313 12313
65850 65900 12325 12325
65900 65950 12338 12338
65950 66000 12350 12350
66000 66050 12363 12363
66050 66100 12375 12375
66100 66150 12388 12388
66150 66200 12400 12400
66200 66250 12413 12413
66250 66300 12425 12425
66300 66350 12438 12438
66350 66400 12450 12450
66400 66450 12463 12463
66450 66500 12475 12475
66500 66550 12488 12488
66550 66600 12500 12500
66600 66650 12513 12513
66650 66700 12525 12525
66700 66750 12538 12538
66750 66800 12550 12550
66800 66850 12563 12563
66850 66900 12575 12575
66900 66950 12588 12588
66950 67000 12600 12600
67000 67050 12613 12613
67050 67100 12625 12625
67100 67150 12638 12638
67150 67200 12650 12650
67200 67250 12663 12663
67250 67300 12675 12675
67300 67350 12688 12688
67350 67400 12700 12700
67400 67450 12713 12713
67450 67500 12725 12725
67500 67550 12738 12738
67550 67600 12750 12750
67600 67650 12763 12763
67650 67700 12775 12775
67700 67750 12788 12788
67750 67800 12800 12800
67800 67850 12813 12813
67850 67900 12825 12825
67900 67950 12838 12838
67950 68000 12850 12850
68000 68050 12863 12863
68050 68100 12875 12875
68100 68150 12888 12888
68150 68200 12900 12900
68200 68250 12913 12913
68250 68300 12925 12925
68300 68350 12938 12938
68350 68400 12950 12950
68400 68450 12963 12963
68450 68500 12975 12975
68500 68550 12988 12988
68550 68600 13000 13000
68600 68650 13013 13013
68650 68700 13025 13025
68700 68750 13038 13038
68750 68800 13050 13050
68800 68850 13063 13063
68850 68900 13075 13075
68900 68950 13088 13088
68950 69000 13100 13100
69000 69050 13113 13113
69050 69100 13125 13125
69100 69150 13138 13138
69150 69200 13150 13150
69200 69250 13163 13163
69250 69300 13175 13175
69300 69350 13188 13188
69350 69400 13200 13200
69400 69450 13213 13213
69450 69500 13225 13225
69500 69550 13238 13238
69550 69600 13250 13250
69600 69650 13263 13263
69650 69700 13275 13275
69700 69750 13288 13288
69750 69800 13300 13300
69800 69850 13313 13313
69850 69900 13325 13325
69900 69950 13338 13338
69950 70000 13350 13350
70000 70050 13363 13363
70050 70100 13375 13375
70100 70150 13388 13388
70150 70200 13400 13400
70200 70250 13413 13413
70250 70300 13425 13425
70300 70350 13438 13438
70350 70400 13450 13450
70400 70450 13463 13463
70450 70500 13475 13475
70500 70550 13488 13488
70550 70600 13500 13500
70600 70650 13513 13513
70650 70700 13525 13525
70700 70750 13538 13538
70750 70800 13550 13550
70800 70850 13563 13563
70850 70900 13575 13575
70900 70950 13588 13588
70950 71000 13600 13600
71000 71050 13613 13613
71050 71100 13625 13625
71100 71150 13638 13638
71150 71200 13650 13650
71200 71250 13663 13663
71250 71300 13675 13675
71300 71350 13688 13688
71350 71400 13700 13700
71400 71450 13713 13713
71450 71500 13725 13725
71500 71550 13738 13738
71550 71600 13750 13750
71600 71650 13763 13763
71650 71700 13775 13775
71700 71750 13788 13788
71750 71800 13800 13800
71800 71850 13813 13813
71850 71900 13825 13825
71900 71950 13838 13838
71950 72000 13850 13850
72000 72050 13863 13863
72050 72100 13875 13875
72100 72150 13888 13888
72150 72200 13900 13900
72200 72250 13913 13913
72250 72300 13925 13925
72300 72350 13938 13938
72350 72400 13950 13950
72400 72450 13963 13963
72450 72500 13975 13975
72500 72550 13988 13988
72550 72600 14000 14000
72600 72650 14013 14013
72650 72700 14025 14025
72700 72750 14038 14038
72750 72800 14050 14050
72800 72850 14063 14063
72850 72900 14075 14075
72900 72950 14088 14088
72950 73000 14100 14100
73000 73050 14113 14113
73050 73100 14125 14125
73100 73150 14138 14138
73150 73200 14150 14150
73200 73250 14163 14163
73250 73300 14175 14175
73300 73350 14188 14188
73350 73400 14200 14200
73400 73450 14213 14213
73450 73500 14225 14225
73500 73550 14238 14238
73550 73600 14250 14250
73600 73650 14263 14263
73650 73700 14275 14275
73700 73750 14288 14288
73750 73800 14300 14300
73800 73850 14313 14313
73850 73900 14325 14325
73900 73950 14338 14338
73950 74000 14350 14350
74000 74050 14363 14363
74050 74100 14375 14375
74100 74150 14388 14388
74150 74200 14400 14400
74200 74250 14413 14413
74250 74300 14425 14425
74300 74350 14438 14438
74350 74400 14450 14450
74400 74450 14463 14463
74450 74500 14475 14477
74500 74550 14488 14491
74550 74600 14500 14505
74600 74650 14513 14519
74650 74700 14525 14533
74700 74750 14538 14547
74750 74800 14550 14561
74800 74850 14563 14575
74850 74900 14575 14589
74900 74950 14588 14603
74950 75000 14600 14617
75000 75050 14613 14631
75050 75100 14625 14645
75100 75150 14638 14659
75150 75200 14650 14673
75200 75250 14663 14687
75250 75300 14675 14701
75300 75350 14688 14715
75350 75400 14700 14729
75400 75450 14713 14743
75450 75500 14725 14757
75500 75550 14738 14771
75550 75600 14750 14785
75600 75650 14763 14799
75650 75700 14775 14813
75700 75750 14788 14827
75750 75800 14800 14841
75800 75850 14813 14855
75850 75900 14825 14869
75900 75950 14838 14883
75950 76000 14850 14897
76000 76050 14863 14911
76050 76100 14875 14925
76100 76150 14888 14939
76150 76200 14900 14953
76200 76250 14913 14967
76250 76300 14925 14981
76300 76350 14938 14995
76350 76400 14950 15009
76400 76450 14963 15023
76450 76500 14975 15037
76500 76550 14988 15051
76550 76600 15000 15065
76600 76650 15013 15079
76650 76700 15025 15093
76700 76750 15038 15107
76750 76800 15050 15121
76800 76850 15063 15135
76850 76900 15075 15149
76900 76950 15088 15163
76950 77000 15100 15177
77000 77050 15113 15191
77050 77100 15125 15205
77100 77150 15138 15219
77150 77200 15150 15233
77200 77250 15163 15247
77250 77300 15175 15261
77300 77350 15188 15275
77350 77400 15200 15289
77400 77450 15213 15303
77450 77500 15225 15317
77500 77550 15238 15331
77550 77600 15250 15345
77600 77650 15263 15359
77650 77700 15275 15373
77700 77750 15288 15387
77750 77800 15300 15401
77800 77850 15313 15415
77850 77900 15325 15429
77900 77950 15338 15443
77950 78000 15350 15457
78000 78050 15363 15471
78050 78100 15375 15485
78100 78150 15388 15499
78150 78200 15400 15513
78200 78250 15413 15527
78250 78300 15425 15541
78300 78350 15438 15555
78350 78400 15450 15569
78400 78450 15463 15583
78450 78500 15475 15597
78500 78550 15488 15611
78550 78600 15500 15625
78600 78650 15513 15639
78650 78700 15525 15653
78700 78750 15538 15667
78750 78800 15550 15681
78800 78850 15563 15695
78850 78900 15575 15709
78900 78950 15588 15723
78950 79000 15600 15737
79000 79050 15613 15751
79050 79100 15625 15765
79100 79150 15638 15779
79150 79200 15650 15793
79200 79250 15663 15807
79250 79300 15675 15821
79300 79350 15688 15835
79350 79400 15700 15849
79400 79450 15713 15863
79450 79500 15725 15877
79500 79550 15738 15891
79550 79600 15750 15905
79600 79650 15763 15919
79650 79700 15775 15933
79700 79750 15788 15947
79750 79800 15800 15961
79800 79850 15813 15975
79850 79900 15825 15989
79900 79950 15838 16003
79950 80000 15850 16017
80000 80050 15863 16031
80050 80100 15875 16045
80100 80150 15888 16059
80150 80200 15900 16073
80200 80250 15913 16087
80250 80300 15925 16101
80300 80350 15938 16115
80350 80400 15950 16129
80400 80450 15963 16143
80450 80500 15975 16157
80500 80550 15988 16171
80550 80600 16000 16185
80600 80650 16013 16199
80650 80700 16025 16213
80700 80750 16038 16227
80750 80800 16050 16241
80800 80850 16063 16255
80850 80900 16075 16269
80900 80950 16088 16283
80950 81000 16100 16297
81000 81050 16113 16311
81050 81100 16125 16325
81100 81150 16138 16339
81150 81200 16150 16353
81200 81250 16163 16367
81250 81300 16175 16381
81300 81350 16188 16395
81350 81400 16200 16409
81400 81450 16213 16423
81450 81500 16225 16437
81500 81550 16238 16451
81550 81600 16250 16465
81600 81650 16263 16479
81650 81700 16275 16493
81700 81750 16288 16507
81750 81800 16300 16521
81800 81850 16313 16535
81850 81900 16325 16549
81900 81950 16338 16563
81950 82000 16350 16577
82000 82050 16363 16591
82050 82100 16375 16605
82100 82150 16388 16619
82150 82200 16400 16633
82200 82250 16413 16647
82250 82300 16425 16661
82300 82350 16438 16675
82350 82400 16450 16689
82400 82450 16463 16703
82450 82500 16475 16717
82500 82550 16488 16731
82550 82600 16500 16745
82600 82650 16513 16759
82650 82700 16525 16773
82700 82750 16538 16787
82750 82800 16550 16801
82800 82850 16563 16815
82850 82900 16575 16829
82900 82950 16588 16843
82950 83000 16600 16857
83000 83050 16613 16871
83050 83100 16625 16885
83100 83150 16638 16899
83150 83200 16650 16913
83200 83250 16663 16927
83250 83300 16675 16941
83300 83350 16688 16955
83350 83400 16700 16969
83400 83450 16713 16983
83450 83500 16725 16997
83500 83550 16738 17011
83550 83600 16750 17025
83600 83650 16763 17039
83650 83700 16775 17053
83700 83750 16788 17067
83750 83800 16800 17081
83800 83850 16813 17095
83850 83900 16825 17109
83900 83950 16838 17123
83950 84000 16850 17137
84000 84050 16863 17151
84050 84100 16875 17165
84100 84150 16888 17179
84150 84200 16900 17193
84200 84250 16913 17207
84250 84300 16925 17221
84300 84350 16938 17235
84350 84400 16950 17249
84400 84450 16963 17263
84450 84500 16975 17277
84500 84550 16988 17291
84550 84600 17000 17305
84600 84650 17013 17319
84650 84700 17025 17333
84700 84750 17038 17347
84750 84800 17050 17361
84800 84850 17063 17375
84850 84900 17075 17389
84900 84950 17088 17403
84950 85000 17100 17417
85000 85050 17113 17431
85050 85100 17125 17445
85100 85150 17138 17459
85150 85200 17150 17473
85200 85250 17163 17487
85250 85300 17175 17501
85300 85350 17188 17515
85350 85400 17200 17529
85400 85450 17213 17543
85450 85500 17225 17557
85500 85550 17238 17571
85550 85600 17250 17585
85600 85650 17263 17599
85650 85700 17275 17613
85700 85750 17288 17627
85750 85800 17300 17641
85800 85850 17313 17655
85850 85900 17325 17669
85900 85950 17338 17683
85950 86000 17350 17697
86000 86050 17363 17711
86050 86100 17375 17725
86100 86150 17388 17739
86150 86200 17400 17753
86200 86250 17413 17767
86250 86300 17425 17781
86300 86350 17438 17795
86350 86400 17450 17809
86400 86450 17463 17823
86450 86500 17475 17837
86500 86550 17488 17851
86550 86600 17500 17865
86600 86650 17513 17879
86650 86700 17525 17893
86700 86750 17538 17907
86750 86800 17550 17921
86800 86850 17563 17935
86850 86900 17575 17949
86900 86950 17588 17963
86950 87000 17600 17977
87000 87050 17613 17991
87050 87100 17625 18005
87100 87150 17638 18019
87150 87200 17650 18033
87200 87250 17663 18047
87250 87300 17675 18061
87300 87350 17688 18075
87350 87400 17700 18089
87400 87450 17713 18103
87450 87500 17725 18117
87500 87550 17738 18131
87550 87600 17750 18145
87600 87650 17763 18159
87650 87700 17775 18173
87700 87750 17788 18187
87750 87800 17800 18201
87800 87850 17813 18215
87850 87900 17825 18229
87900 87950 17838 18243
87950 88000 17850 18257
88000 88050 17863 18271
88050 88100 17875 18285
88100 88150 17888 18299
88150 88200 17900 18313
88200 88250 17913 18327
88250 88300 17925 18341
88300 88350 17938 18355
88350 88400 17950 18369
88400 88450 17963 18383
88450 88500 17975 18397
88500 88550 17988 18411
88550 88600 18000 18425
88600 88650 18013 18439
88650 88700 18025 18453
88700 88750 18038 18467
88750 88800 18050 18481
88800 88850 18063 18495
88850 88900 18075 18509
88900 88950 18088 18523
88950 89000 18100 18537
89000 89050 18113 18551
89050 89100 18125 18565
89100 89150 18138 18579
89150 89200 18150 18593
89200 89250 18163 18607
89250 89300 18175 18621
89300 89350 18188 18635
89350 89400 18201 18649
89400 89450 18215 18663
89450 89500 18229 18677
89500 89550 18243 18691
89550 89600 18257 18705
89600 89650 18271 18719
89650 89700 18285 18733
89700 89750 18299 18747
89750 89800 18313 18761
89800 89850 18327 18775
89850 89900 18341 18789
89900 89950 18355 18803
89950 90000 18369 18817
90000 90050 18383 18831
90050 90100 18397 18845
90100 90150 18411 18859
90150 90200 18425 18873
90200 90250 18439 18887
90250 90300 18453 18901
90300 90350 18467 18915
90350 90400 18481 18929
90400 90450 18495 18943
90450 90500 18509 18957
90500 90550 18523 18971
90550 90600 18537 18985
90600 90650 18551 18999
90650 90700 18565 19013
90700 90750 18579 19027
90750 90800 18593 19041
90800 90850 18607 19055
90850 90900 18621 19069
90900 90950 18635 19083
90950 91000 18649 19097
91000 91050 18663 19111
91050 91100 18677 19125
91100 91150 18691 19139
91150 91200 18705 19153
91200 91250 18719 19167
91250 91300 18733 19181
91300 91350 18747 19195
91350 91400 18761 19209
91400 91450 18775 19223
91450 91500 18789 19237
91500 91550 18803 19251
91550 91600 18817 19265
91600 91650 18831 19279
91650 91700 18845 19293
91700 91750 18859 19307
91750 91800 18873 19321
91800 91850 18887 19335
91850 91900 18901 19349
91900 91950 18915 19363
91950 92000 18929 19377
92000 92050 18943 19391
92050 92100 18957 19405
92100 92150 18971 19419
92150 92200 18985 19433
92200 92250 18999 19447
92250 92300 19013 19461
92300 92350 19027 19475
92350 92400 19041 19489
92400 92450 19055 19503
92450 92500 19069 19517
92500 92550 19083 19531
92550 92600 19097 19545
92600 92650 19111 19559
92650 92700 19125 19573
92700 92750 19139 19587
92750 92800 19153 19601
92800 92850 19167 19615
92850 92900 19181 19629
92900 92950 19195 19643
92950 93000 19209 19657
93000 93050 19223 19671
93050 93100 19237 19685
93100 93150 19251 19699
93150 93200 19265 19713
93200 93250 19279 19727
93250 93300 19293 19741
93300 93350 19307 19755
93350 93400 19321 19769
93400 93450 19335 19783
93450 93500 19349 19797
93500 93550 19363 19811
93550 93600 19377 19825
93600 93650 19391 19839
93650 93700 19405 19853
93700 93750 19419 19867
93750 93800 19433 19881
93800 93850 19447 19895
93850 93900 19461 19909
93900 93950 19475 19923
93950 94000 19489 19937
94000 94050 19503 19951
94050 94100 19517 19965
94100 94150 19531 19979
94150 94200 19545 19993
94200 94250 19559 20007
94250 94300 19573 20021
94300 94350 19587 20035
94350 94400 19601 20049
94400 94450 19615 20063
94450 94500 19629 20077
94500 94550 19643 20091
94550 94600 19657 20105
94600 94650 19671 20119
94650 94700 19685 20133
94700 94750 19699 20147
94750 94800 19713 20161
94800 94850 19727 20175
94850 94900 19741 20189
94900 94950 19755 20203
94950 95000 19769 20217
95000 95050 19783 20231
95050 95100 19797 20245
95100 95150 19811 20259
95150 95200 19825 20273
95200 95250 19839 20287
95250 95300 19853 20301
95300 95350 19867 20315
95350 95400 19881 20329
95400 95450 19895 20343
95450 95500 19909 20357
95500 95550 19923 20371
95550 95600 19937 20385
95600 95650 19951 20399
95650 95700 19965 20413
95700 95750 19979 20427
95750 95800 19993 20441
95800 95850 20007 20455
95850 95900 20021 20469
95900 95950 20035 20483
95950 96000 20049 20497
96000 96050 20063 20511
96050 96100 20077 20525
96100 96150 20091 20539
96150 96200 20105 20553
96200 96250 20119 20567
96250 96300 20133 20581
96300 96350 20147 20595
96350 96400 20161 20609
96400 96450 20175 20623
96450 96500 20189 20637
96500 96550 20203 20651
96550 96600 20217 20665
96600 96650 20231 20679
96650 96700 20245 20693
96700 96750 20259 20707
96750 96800 20273 20721
96800 96850 20287 20735
96850 96900 20301 20749
96900 96950 20315 20763
96950 97000 20329 20777
97000 97050 20343 20791
97050 97100 20357 20805
97100 97150 20371 20819
97150 97200 20385 20833
97200 97250 20399 20847
97250 97300 20413 20861
97300 97350 20427 20875
97350 97400 20441 20889
97400 97450 20455 20903
97450 97500 20469 20917
97500 97550 20483 20931
97550 97600 20497 20945
97600 97650 20511 20959
97650 97700 20525 20973
97700 97750 20539 20987
97750 97800 20553 21001
97800 97850 20567 21015
97850 97900 20581 21029
97900 97950 20595 21043
97950 98000 20609 21057
98000 98050 20623 21071
98050 98100 20637 21085
98100 98150 20651 21099
98150 98200 20665 21113
98200 98250 20679 21127
98250 98300 20693 21141
98300 98350 20707 21155
98350 98400 20721 21169
98400 98450 20735 21183
98450 98500 20749 21197
98500 98550 20763 21211
98550 98600 20777 21225
98600 98650 20791 21239
98650 98700 20805 21253
98700 98750 20819 21267
98750 98800 20833 21281
98800 98850 20847 21295
98850 98900 20861 21309
98900 98950 20875 21323
98950 99000 20889 21337
99000 99050 20903 21351
99050 99100 20917 21365
99100 99150 20931 21379
99150 99200 20945 21393
99200 99250 20959 21407
99250 99300 20973 21421
99300 99350 20987 21435
99350 99400 21001 21449
99400 99450 21015 21463
99450 99500 21029 21477
99500 99550 21043 21491
99550 99600 21057 21505
99600 99650 21071 21519
99650 99700 21085 21533
99700 99750 21099 21547
99750 99800 21113 21561
99800 99850 21127 21575
99850 99900 21141 21589
99900 99950 21155 21603
99950 100000 21169 21617